name: salmxgos_curate
channels:
  - bioconda
  - conda-forge
  - defaults
dependencies:
  - _libgcc_mutex=0.1=conda_forge
  - _openmp_mutex=4.5=2_gnu
  - blast-legacy=2.2.26=h9ee0642_3
  - boost-cpp=1.74.0=h75c5d50_8
  - bzip2=1.0.8=hd590300_5
  - c-ares=1.26.0=hd590300_0
  - ca-certificates=2024.2.2=hbcca054_0
  - curl=8.5.0=hca28451_0
  - gsl=2.7=he838d99_0
  - hdf5=1.12.1=nompi_h4df4325_104
  - icu=70.1=h27087fc_0
  - keyutils=1.6.1=h166bdaf_0
  - krb5=1.21.2=h659d440_0
  - libblas=3.9.0=21_linux64_openblas
  - libcblas=3.9.0=21_linux64_openblas
  - libcurl=8.5.0=hca28451_0
  - libedit=3.1.20191231=he28a2e2_2
  - libev=4.33=hd590300_2
  - libgcc-ng=13.2.0=h807b86a_5
  - libgfortran-ng=13.2.0=h69a702a_5
  - libgfortran5=13.2.0=ha4646dd_5
  - libgomp=13.2.0=h807b86a_5
  - libiconv=1.17=hd590300_2
  - libnghttp2=1.58.0=h47da74e_1
  - libopenblas=0.3.26=pthreads_h413a1c8_0
  - libssh2=1.11.0=h0841786_0
  - libstdcxx-ng=13.2.0=h7e041cc_5
  - libxcrypt=4.4.36=hd590300_1
  - libxml2=2.9.14=h22db469_4
  - libzlib=1.2.13=hd590300_5
  - mothur=1.48.0=h9f4bb92_2
  - ncbi-vdb=3.0.10=hdbdd923_0
  - ncurses=6.4=h59595ed_2
  - openssl=3.2.1=hd590300_0
  - ossuuid=1.6.2=hf484d3e_1000
  - perl=5.32.1=7_hd590300_perl5
  - perl-alien-build=2.48=pl5321hec16e2b_0
  - perl-alien-libxml2=0.17=pl5321hec16e2b_0
  - perl-business-isbn=3.007=pl5321hdfd78af_0
  - perl-business-isbn-data=20210112.006=pl5321hdfd78af_0
  - perl-capture-tiny=0.48=pl5321hdfd78af_2
  - perl-carp=1.38=pl5321hdfd78af_4
  - perl-constant=1.33=pl5321hdfd78af_2
  - perl-data-dumper=2.183=pl5321hec16e2b_1
  - perl-encode=3.19=pl5321hec16e2b_1
  - perl-exporter=5.72=pl5321hdfd78af_2
  - perl-extutils-makemaker=7.70=pl5321hd8ed1ab_0
  - perl-ffi-checklib=0.28=pl5321hdfd78af_0
  - perl-file-chdir=0.1010=pl5321hdfd78af_3
  - perl-file-path=2.18=pl5321hd8ed1ab_0
  - perl-file-temp=0.2304=pl5321hd8ed1ab_0
  - perl-file-which=1.24=pl5321hd8ed1ab_0
  - perl-importer=0.026=pl5321hdfd78af_0
  - perl-mime-base64=3.16=pl5321hec16e2b_2
  - perl-parent=0.236=pl5321hdfd78af_2
  - perl-path-tiny=0.122=pl5321hdfd78af_0
  - perl-pathtools=3.75=pl5321hec16e2b_3
  - perl-scope-guard=0.21=pl5321hdfd78af_3
  - perl-sub-info=0.002=pl5321hdfd78af_1
  - perl-term-table=0.016=pl5321hdfd78af_0
  - perl-test2-suite=0.000145=pl5321hdfd78af_0
  - perl-uri=5.12=pl5321hdfd78af_0
  - perl-xml-libxml=2.0207=pl5321h661654b_0
  - perl-xml-namespacesupport=1.12=pl5321hdfd78af_1
  - perl-xml-sax=1.02=pl5321hdfd78af_1
  - perl-xml-sax-base=1.09=pl5321hdfd78af_1
  - readline=8.2=h8228510_1
  - seqkit=2.7.0=h9ee0642_0
  - sra-tools=3.0.10=h9f5acd7_0
  - vsearch=2.15.2=h95f258a_1
  - xz=5.2.6=h166bdaf_0
  - zlib=1.2.13=hd590300_5
  - zstd=1.5.5=hfc55251_0
prefix: /home/pip/miniconda3/envs/salmxgos_curate
